1.jpg,1
2.jpg,2
3.jpg,3
